6.146616163422557
8.04791591121236
9.45571991569257
9.664696366961252
9.305672807653178
8.562586117421253
7.61167884662886
6.647870677361868
6.096436139035866
5.750465755348917
5.512850679127353
5.383016779025362
5.240052423934787
5.172984806692569
5.1129544711916335
5.074521756338273
5.132391628214169
5.082962664699783
5.045783685916481
5.025054108082961
5.009111993185947
4.990427720593414
4.9969933920495775
5.005717925763113
5.007723276907461
5.022119684696497
5.022488885203236
5.007058078764918
5.00142706339001
5.001606286850398
5.003608524542438
5.0058567719319225
5.007846079187472
5.009506258465072
5.010497960768198
5.0109401187448634
5.01134821579309
5.0119816970078155
5.012867024611013
5.013959970782513
5.015210370881801
5.016582660830238
5.018058485466057
5.018140698957365
5.017187680554889
5.016352634933641
5.016092275277237
5.016362836366455
5.016660102213219
5.016581451792298
5.01633701097838
5.016132369260239
5.015681387928666
5.01531818911533
5.0153778081619755
5.015829662512576
5.029106509240755
5.0679473770948755
5.034760460137535
5.023291738762695
5.021648443544806
5.023902052798984
5.027284462118427
5.0304766405380015
5.03334902169973
5.035917945314483
5.038247159319721
5.040408692550831
5.040781483034991
5.039621842211137
5.038015947200123
5.036595259296669
5.0355662456861445
5.0349497110104835
5.034695129339873
5.034732580384759
5.034994352706166
5.0354224114192725
5.034964199321877
5.033793416634369
5.032480378974016
5.031462108337715
5.030922922562944
5.030824113007306
5.031060969182166
5.031526944940266
5.032135047424944
5.032821014502765
5.0335525588082035
5.034004366168464
5.034002507298055
5.033473801789334
5.032567203752466
5.031735059631547
5.031178391869862
5.030605394592174
5.0296577953930015
5.028586285280024
5.027626579088734
5.026819385968787
5.026127292468518
5.02548970334489
5.0248464966999435
5.023780304340027
5.119680484825869
5.1009403616464475
5.038310101628076
5.017956354513101
5.021931746202915
5.031289279726282
5.039701971961678
5.045735431439841
5.0490741105297
5.050751271576772
5.0517472771255445
5.052591211694455
5.053519732647583
5.054618159978411
5.055549013328946
5.055784527694044
5.055500832103281
5.05445513642586
5.053348066115703
5.052708538426101
5.052583635359749
5.052833071668044
5.053297607936674
5.053853618196618
5.054420868471462
5.054954273992969
5.055432748712548
5.055849611884582
5.082360305010374
5.120961590436034
5.0794171399396415
5.062698770063568
5.059577135564094
5.061402073070141
5.064580586905732
5.067687639115286
5.070287933605609
5.072355891028909
5.0740045258602855
5.075368947605249
5.076290002125615
5.07673584499455
5.077000166952752
5.077300446371421
5.077690367139844
5.078160191939325
5.078682225761497
5.078044401887995
5.076395850586961
5.074380466571236
5.072334599167396
5.070412925788991
5.0686704017831925
5.06711035090953
5.0653713811467025
5.062965304677272
5.060408708360592
5.058075162958151
5.056055810066825
5.0543237784762525
5.05281453258217
5.05146193252372
5.05021184015391
5.049025406754291
5.047688303915226
5.046045945225606
5.0443504127118235
5.042817458729289
5.041441294952607
5.040166890359744
5.038948521098591
5.037762493055734
5.063710844346982
5.079166882632796
5.065770327199738
5.0555621408901
5.049052942177447
5.044866427638059
5.042004361976561
5.039820545080357
5.037928733182758
5.036113079597744
5.034260430018021
5.032315180976058
5.030251605584171
5.028058015853317
5.025728308372038
5.040182322535259
5.032937830302249
5.025922999873892
5.022118188246431
5.019776589711
5.017968015373803
5.016273844272311
5.014525540335251
5.012670251190755
5.010703884819842
5.008639475359397
5.006493285484018
5.004279577033804
5.002009160904997
4.999689730729777
4.997326461192836
4.994922846477655
4.99248128710636
4.990003534330528
4.987491044245729
4.9849451410391605
4.9823671942241265
4.979758662243315
4.97712112795273
4.974456405935772
4.9717664664279315
4.969053495528771
4.966319902034009
4.963568376166485
4.960801825149209
4.958023451214624
4.955236737202986
4.952445526242002
4.949653959691375
4.946866586153867
4.944088369664875
4.9413246884036965
4.9384252897291745
4.934857273215481
4.930816568166481
4.926687513019203
4.92264253801909
4.918745172720222
4.914006548548699
4.908730276111726
4.90343066975521
4.898307027345243
4.893393105097861
4.888658666426004
4.883950937921888
5.074676562311119
5.175007128769511
5.112591353143891
5.044144056639091
5.0052669440369115
4.983906331587196
4.972745723523754
4.967396086117688
4.965261681521223
4.964834258994653
4.965257277110332
4.966059300379278
4.966992158921961
4.967934210225515
4.968833143028103
4.969672766877039
4.9704543213700205
4.971186081303387
4.971878075237608
4.97253938619307
4.97317712834559
4.9737961505698784
4.974399109544798
4.974986779013001
4.975558271262365
4.976111386219959
4.976642780973162
4.976800643071066
4.975894149695627
4.974309085261826
4.972513873069374
4.970714056158222
4.968976292990849
4.967298480868539
4.965648210811871
5.093940127533429
5.220523747792903
5.143658033622497
5.0694797731058685
5.019880238191053
4.986379232094876
4.963362322018256
4.947117149765198
4.935192060717522
4.9259697598370344
4.918384259822169
4.91173328642542
4.905553852311304
4.899540213636708
4.893489592207761
4.887266485227226
4.8807792324001475
4.87396474133773
4.866778431944297
4.859187783056871
4.851168235432791
4.842300781850366
5.029900268069309
5.52567622610761
5.314079676424097
5.018069080945136
4.9048355411378495
4.875709229547773
4.881197957014805
4.897745250468194
4.915070153845615
4.929398057850449
4.939932150030909
4.947079971329053
4.951609624568899
4.954283972654892
4.955728231694927
4.956369356624965
4.956522581609722
4.956430441681995
4.955320822179871
4.953460340247698
4.951334295329854
4.949196701688578
4.947167336567112
4.945293013630135
4.943583690314945
4.941889355930947
4.939579569594198
4.937180628192145
4.934985617154421
4.9330138818570965
4.931203731564928
4.929488032514012
4.927678430908664
4.925058815212612
4.921926725603111
4.918633784227552
4.915287819778815
4.911890177770118
4.908402345094345
4.904775746702462
4.900963367528831
4.89692266614334
4.892615017851039
4.888003941903094
4.882809496118931
4.876388325761518
4.86930772383727
4.8617001533987825
4.8529431145787925
4.843493981969367
4.833589311526957
4.823172643983746
4.812087623503782
4.800158418417237
4.7872171779473085
4.773108393406943
4.7576844745511515
4.740799379960233
4.72230264243111
4.70203433678094
4.679821680283823
4.655476127613305
4.628791311795641
4.5983920822312
4.563594434393117
4.6956299204698055
5.448394108048124
5.405998639950308
5.282184408191647
5.061911374954558
4.825971763969083
4.722381136018573
4.7002413071241484
4.709378306745386
4.726758898296769
4.742855532466855
4.754572043512358
4.761625246815367
4.764772852005361
4.76448164530019
4.761642104289219
4.757345266244517
4.752333874657033
4.747029743002454
4.7416515724306905
4.73629492138609
4.7309842816734395
4.725705535052246
4.720425590083803
4.715103233504973
4.709695032196485
4.70415792457824
4.698449959146167
4.692530317188588
4.686358557415318
4.679893920766894
4.6730944137475845
4.665916131259202
4.658312486488612
4.6502335329806
4.641625384285916
4.632429680407551
4.622583000912655
4.612016451207637
4.60065506448802
4.5884172950068205
4.575214566232347
4.560950646358517
4.545521087106682
4.528812704100083
4.510702841772563
4.491058807964102
4.469737085861475
4.4465826709745855
4.421428227915506
4.598240214288573
5.071784436096706
4.839186460775956
4.551673682143949
4.73822150638582
4.812570372445826
4.682159628517276
4.579838510600084
4.529760866227747
4.504503924669464
4.489664024841758
4.47790507591251
4.465637948953315
4.4511957275372325
4.433849369971682
4.413289997665814
4.389365646787027
4.361953948599798
4.5484579117958575
4.9483441094988905
5.530886741788372
5.2448591145732095
5.075847676965395
5.54069983977088
5.251758248270967
4.696385717984533
4.469761585911698
4.402450599251104
4.406238130031554
4.436644591486733
4.4724290748405195
4.504419722530152
4.529476935343631
4.547282959139203
5.9472116683168395
5.917441835283739
5.122485040297256
4.724519278525143
4.542065008940057
4.471186908026311
4.454699832308087
4.461811417567837
4.476515677837426
4.490968039869266
4.501718632850114
4.507590742196001
4.508505710006091
4.5048491570051965
4.497143163208044
4.485888560038951
4.471498587152524
4.45428003106246
4.434436751097607
4.412082517555731
4.5912630317640435
5.277381285592007
5.123028698741372
4.601405934452231
4.414844612424133
4.37201154066414
4.381975006178202
4.404104314604048
4.422167771598282
4.431172649630426
4.430853463521217
4.422583470045311
4.408010057409179
4.388529475820654
4.365146849026594
4.750604901841669
4.67939459438864
4.511593177856369
4.406967056624957
4.339148348695026
5.265857440748839
5.445708555343209
4.734964122347563
4.403662325162472
4.327560355557203
4.347009418114851
4.391199647619146
4.43192011793662
4.460382411188419
4.4759045520084655
4.480612744534113
4.4771304702143695
4.467700384340638
4.453954487169774
4.4369489012930075
4.4172833684182535
4.395228120209524
4.370829579786445
4.343989009700842
4.314516306017325
4.28216481117807
4.387437908917988
5.208532934803479
5.054754591836776
4.476382567350903
4.285924742867259
4.254929718274624
4.278288296392077
4.311151920145484
4.336988231893812
4.351748381986816
4.356272653856919
4.352836689731923
4.343722553565009
4.330736842424976
4.315139434144669
4.297725921557429
4.278946872525424
4.259017769354415
4.238004345144269
4.215883276620318
4.192582185906062
4.168004542913074
4.693649899925838
5.547566354360271
5.148597402496719
4.406357315011057
4.153562662059592
4.111865319708777
4.148710158322125
4.204581715442316
4.2555551726462255
4.29426411819594
4.320432067284386
4.336329409970411
4.344726056316091
4.348074197437519
4.3482686810638995
4.346656413959224
4.3441349288651665
4.341267197233094
4.3383830291604895
4.335658485160529
4.33317337317861
4.330950873095524
4.32898329934617
4.327248176795699
4.325717590299064
4.324363404778033
4.323159458369375
4.322082569933535
4.321112314047177
4.320230533426518
4.319420787121842
4.318667458204288
4.317955258604059
4.317268549299882
4.316590936662017
4.315904767793953
4.315190792793352
4.314427883107804
4.313592756964638
4.312659655481923
4.31160018035802
4.310382982626031
4.308973619575333
4.30733422288673
4.305423288264485
4.3031953911310055
4.300601027170721
4.297586120320474
4.29409192315736
4.2900545698215
4.2854047959203285
4.2800675902564365
4.273961773405276
4.266999655266417
4.259086578262242
4.2501205368226636
4.239991666399426
4.228581738797118
4.215763737585213
4.201401279877473
4.18534800999182
4.1674470907962515
4.147530567105832
4.125418610587822
4.100919060781294
4.073826516640636
4.263404773896234
5.071673101348793
4.984030418363403
4.339568162078301
4.117336949596222
4.077889633382853
4.106659656092617
4.152102409077685
4.193526815282937
4.224618133736627
4.245196579084542
4.257254986885684
4.263178271872455
4.265041313909229
4.2644129212586535
4.2623756921787646
4.259620922957602
4.256554696994698
4.253389430416476
4.250214210863142
4.247044647044049
4.243856314719444
4.240605609793938
4.2372423227644305
4.233716246743697
4.229980413871502
4.225992052117178
4.22171259939423
4.217106973143942
4.2121426725383415
4.206789042431332
4.201016416381421
4.194795474073587
4.188096771527775
4.180890361846359
4.173145373823658
4.164829975616016
4.15591100795492
4.1463540155763
4.136123063376658
4.1251806537421984
4.113487700150408
4.101003433005438
4.087685381157662
4.073489242973302
4.058368921995012
4.042276358824253
4.025161615994662
4.0069726602419
3.9876554092883154
4.0606195407591485
4.787096900820828
4.809586589365509
4.2409933996802565
4.002658496835558
3.9229884941450592
3.9131135987658396
3.9286593949498894
3.948792053776458
3.964798063318838
3.973928187322045
3.976144441086511
3.9724572656549455
3.964121271678863
3.9522838469093386
4.481163475829156
4.9040491140657565
4.59205266692625
4.2608167629843905
4.101144620830254
4.03414392807381
4.015001288142017
4.01872949655592
4.031793784897538
4.047195278385054
4.061594731063671
4.073642309524416
4.083019586799644
4.0899009347103
4.0946592520598415
4.097712818347617
4.099451862326539
4.100208842306756
4.10025156154002
4.099787603186186
4.09897282709823
4.097921403150245
4.096714925794409
4.095410337250868
4.094046476658022
4.092648956332006
4.091234170959133
4.089812024392877
4.088388058268855
4.0869649880633006
4.085543647310672
4.084123762602779
4.082704408815665
4.0812843398796375
4.0798621701209825
4.078436512297209
4.077006008449004
4.0755694207040705
4.074125587846417
4.072673467577381
4.071212099790188
4.069740606738783
4.068258232439021
4.06676422962272
4.065257923720516
4.063738727378528
4.062206040309739
4.06065933895006
4.059098113463719
4.05752187454118
4.055930234031294
4.054322706919969
4.0526989569053455
4.0510585764707585
4.049401288097144
4.04772673720867
4.046034668617736
4.044324814806451
4.042596993346031
4.040850959584951
4.039086617666207
4.037303823595558
4.035502504996572
4.033682597306395
4.03184410939695
4.029987097289066
4.028111616950774
4.026217778545394
4.0243057889004845
4.02237583594156
4.020428186269825
4.018463160084075
4.0164811338984165
4.014482515767938
4.0124677900146395
4.010437478839222
4.008392193371989
4.3358917105916035
5.18950593226711
5.024647741036446
4.201714268424759
3.825508256994837
3.6812373525963267
3.652388122440172
3.676475377270279
3.720740981705454
3.7687238239649687
3.812798744678048
3.8500243848128335
3.8798404550853576
3.902804782384969
3.9199157767876542
3.9322636638776913
3.9408640759277276
3.9465905889844493
3.9501591185167797
3.9521371708556927
3.9529638526768665
3.952972346000969
3.95241158661117
3.9514650015939736
3.9502662080762505
3.948911449141569
3.9474694186685966
3.9459887074075297
3.944503474304433
3.9430375603079497
3.941607611850678
3.9402252480994235
3.938898667716046
3.937633781747145
3.9364348940838454
3.9353053867510894
3.934247952109267
3.9332648676825244
3.932358135912928
3.931529614091758
3.9307809641884575
3.93011378429717
3.929529485586393
3.9290294196002264
3.928614691407475
3.9282862934217633
3.9280449798864083
3.9278911869870115
3.9278251571606972
3.9278467323574233
3.9279554226169324
3.9281502945106297
3.9284299801998017
3.9287925993982498
3.9292357205881885
3.9297562983307444
3.9303506468703446
3.931014348617495
3.9317422116599303
3.9325282413201563
3.9333654262381756
3.934245929496562
3.9351607517280343
3.936099772472211
3.93705167440433
3.9380038260099894
3.938942156344126
3.939851147123086
3.940713607424186
3.9415106410031413
3.942221540889207
3.9428235751048746
3.9432919227989984
3.9435995281051177
3.9437169703171975
3.9436121912977953
3.9432505273324594
3.9425943103378174
3.941602922152235
3.9402323510060526
3.9384352310908
3.936160413329894
3.933352882216056
3.9299534773474463
3.9258985748287216
3.9211199703066413
3.9155444433649294
3.9090935932646715
3.901683405005784
3.893224050033446
3.8836195093217754
3.8727671171071236
3.8605573761074155
3.8468734201774524
3.831590621778382
3.8145762754982258
3.7956889801322404
3.7747783185740005
3.7516842631320415
3.7262367361524156
3.6982550760973183
3.6675473661000453
3.633910010532908
3.5971270799091855
3.5569695646146613
3.5131949073405835
3.465546284548118
3.413751693217769
3.6909357595290473
4.788418576473198
4.861305676621576
4.733328828876338
4.8624754344549785
4.117451711130947
3.5464097104211803
3.333403848232372
3.2955893437459736
3.334750551791309
3.4000698007923944
3.466859888039778
3.524491061562344
3.5696067981070456
3.602371619283055
3.624447222446676
3.637943807644511
3.644913069424348
3.647134399138821
3.6460536500667615
3.6427955539790275
3.6382076130650134
3.63291240185697
3.6273579911471074
3.6218615815342616
3.616645008043349
3.6118627393817775
3.6076229209234967
3.6040030273850547
3.6010611990767103
3.598844157381464
3.5973927316287373
3.5967455118449436
4.131462592789603
3.9642881304199307
3.593472193943647
3.428173437145542
3.376469605843816
3.3778935439308064
3.400584005744985
3.4285790137523016
3.4545696476932477
3.4758050026680714
3.4918094229048933
3.503137079412639
3.510714626672037
3.515513205086819
3.518400625482702
3.520089062793758
3.521130359684303
3.52193297225098
3.5227861342580233
3.5238847043771564
3.5253511075703514
3.527253365664876
3.6959393960199343
4.111049708740904
3.7658766078566153
3.4243671779190237
3.2914229320811828
3.260069334601468
3.2727162661227034
3.2995511218446865
3.3260909269686074
3.3460746540205655
3.357458619162461
3.3602030021208904
3.3550828704862
3.3430775184918495
3.325079903649339
3.3017782153238073
3.2736256701994613
3.2408519885854012
3.2034913254817425
-35.36689035918839
-50.94086316472455
-42.65720555358894
-35.96469122293948
-29.965621307701596
-25.198177074311207
-22.059783197504032
-19.33566094333531
-17.022276885933774
-15.094189963023272
-13.506894036074403
-12.210693558860058
-11.157703638369075
-10.305003139201524
-9.615691327331
-9.058861141224877
-8.60906241914104
-8.245572082217038
-7.95163835912356
-7.713779961705622
-7.521173522881469
-7.365137590759954
-7.238706821320509
-7.136287255565527
-7.053378920785242
-6.986355007172126
-6.932286110840177
-6.888800979394553
-6.853976157035724
-6.826248296933645
-6.804344566299431
-6.787227147868471
-6.774048824592704
-6.76411751310609
-6.756867574893985
-6.751836737840357
-6.748647549824398
-6.746991872359608
-6.746619037524592
-6.7473251944720545
-6.748945508003796
-6.751347394068397
-6.754424589449407
-6.758093108741129
-6.762287226510704
-6.7669564917418015
-6.772063273072185
-6.777580502285801
-6.7834902614817025
-6.7897821510273815
-6.796452225537152
-6.803502160986529
-6.810938283104754
-6.818771145583224
-6.827014940678264
-6.835687085540435
-6.844807851726728
-6.854400246190345
-6.864489681619004
-6.875103741242638
-6.886272405762897
-6.898027469380695
-6.910402972923006
-6.923434616344094
-6.937160389259301
-6.951620051918313
-6.966855309238296
-6.982910002215094
-6.999829768564037
-7.0176626431457
-7.0364585900983965
-7.056269864271735
-7.077151098551488
-7.099159256413312
-7.122353872893763
-7.146796972302161
-7.172553573793856
-7.199691378946465
-7.22828117662265
-7.258396954257826
-6.722967999668173
-6.259502428553191
-7.285031797740043
-7.166480562884354
-7.0350059798191396
-6.909505337940002
-6.798875151229419
-6.706215583845937
-6.631381283605186
-6.57256315950497
-6.527242419753369
-6.4927440932659035
-6.466539134223428
-6.446390571645983
-6.430407191438661
-6.417043572821672
-6.405072265057694
-6.393542562769774
-6.381735475242914
-6.3691207701785055
-6.355316772376848
-6.340056093012982
-6.323156152150075
-6.3044946501102626
-6.283989359163355
-6.2615815571918025
-6.237222597370938
-6.210862199609041
-6.182439377797748
-6.15187353600283
-6.1190570842690235
-6.083847867895468
-6.046061766597533
-5.99010277526611
-5.772071825924736
-6.182271028540864
-6.101458265316645
-6.043168012954749
-6.004567505068837
-5.982971530153927
-5.976343315273732
-5.983450263917181
-6.0038682895162285
-6.0379198460242325
-5.084123103082463
-6.200006556255202
-7.173105353146835
-6.646174666200357
-6.322752240550933
-6.145924982138554
-5.255346219305154
-8.226965239674808
-8.954494893680447
-7.999609243017825
-7.278436868440169
-6.74034141010077
-6.362374956203677
-6.109865572536358
-5.951889954904504
-5.864542221469014
-5.829549147151512
-5.833114169017609
-5.864967642804652
-5.917595927319002
-4.930214567437494
-7.168891474192104
-7.802728214903295
-7.149068588207476
-6.680611686880202
-6.3526161411142725
-6.129047282701252
-5.98128801984092
-5.88681840483335
-5.828058385915894
-5.79137353196857
-5.766233896588256
-5.744513617013643
-5.615028797603729
-5.668108981560367
-5.515366592772301
-5.332895443994147
-5.421885664341271
-4.856654747227978
-4.625514300441756
-4.10786935899119
-1.4049157513888968
-5.966268239236065
-7.138348677022142
-6.015572382773769
-8.567962506114286
-8.835153763998402
-7.171850615134328
-6.659352691451337
-6.382597796390559
-6.134677375157871
-5.641500894816669
-5.996955242676458
-5.504730214755417
-5.111265878449412
-4.929726836694915
-4.22085436519431
-5.5162178635350685
-5.637303832429847
-3.7728185640187526
-7.537045767202015
-7.836730517690608
-4.796097580541922
-3.8461213032478057
-3.711874272518102
-2.4485576338549677
-0.9289984109288874
1.0158577557149968
-4.856318562325164
-3.689352790268636
-3.060821439338074
-2.431126097662194
-2.813886118819898
-1.8332943345790262
-3.0766128779779436
-3.2502902499078274
-1.6405172650840534
-8.376098832407525
-6.139107082438564
-8.66392859669747
-7.285163681502219
-5.187203577822753
-4.787447482604982
-2.664393943522292
0.47778123113361914
8.127674221260833
-4.477612868344995
-1.055107277002847
0.8394915431730574
8.193274860106726
6.726305949783626
1.8014944193520783
2.471276546069369
-1.5097378832245703
2.285113875157748
-0.059416792280138964
-0.014878627859417293
4.345479551658201
2.4767606591903863
2.3437748419499904
3.709516313442869
2.8950456382088063
3.154303836684683
4.9483087178148
4.912413946680502
4.4639570894152705
9.012464228793036
11.016836060879669
0.8927897087653989
3.192078938614884
-5.233071711184362
-6.868572169839329
-0.3819046144635898
-0.21860803472314316
7.052708360775885
5.409795350257891
5.7947478995573825
3.870384317560287
-2.3976857723090497
-13.348476787952913
-7.415689149153108
-2.1189279379376735
1.8042443365236362
7.516945941770855
2.7858750006546256
3.0054633759422504
-7.455504325950384
0.37727448395033925
-7.102911379247297
-1.2470495170309572
-0.5520598464631128
-1.549611200547698
-3.282739760050709
-3.1436539807174135
-4.314813343246885
-4.851023667352216
-3.402220917254618
-6.733879168559793
-6.9428829496479825
-4.679396532741259
-26.484180558971268
-21.445567900559077
-32.02548963092015
-32.38825743301843
-30.379425654250284
-34.24392583741836
-33.97747790842418
-37.860611656123325
-52.17550062624864
-69.86483858460365
-52.27150320497661
-7.507494548066098
123.45089981491822
481.1503594309565
4217.75402373809
